3.626000e+03 1.305042
3.629000e+03 1.304543
3.632000e+03 1.277307
3.635000e+03 1.299502
3.638000e+03 1.291120
3.641000e+03 1.287325
3.644000e+03 1.280250
3.647000e+03 1.303880
3.650000e+03 1.264385
3.653000e+03 1.264167
3.656000e+03 1.280341
3.659000e+03 1.281839
3.662000e+03 1.252244
3.665000e+03 1.485761
3.668000e+03 1.242599
3.671000e+03 1.248038
3.674000e+03 1.253060
3.677000e+03 1.284437
3.680000e+03 1.247439
3.683000e+03 1.245314
3.686000e+03 1.241509
3.689000e+03 1.242535
3.692000e+03 1.237105
3.695000e+03 1.228341
3.698000e+03 1.184369
3.701000e+03 1.288142
3.704000e+03 1.223846
3.707000e+03 1.281612
3.710000e+03 1.340151
3.713000e+03 1.223982
3.716000e+03 1.352029
3.719000e+03 1.408206
3.722000e+03 1.213829
3.725000e+03 1.984707
3.728000e+03 3.696147
3.731000e+03 3.001525
3.734000e+03 1.193987
3.737000e+03 1.262887
3.740000e+03 1.602710
3.743000e+03 1.745859
3.746000e+03 1.628356
3.749000e+03 1.230021
3.752000e+03 1.184841
3.755000e+03 1.598659
3.758000e+03 1.816575
3.761000e+03 1.886138
3.764000e+03 1.845708
3.767000e+03 1.556803
3.770000e+03 1.198845
3.773000e+03 1.240892
3.776000e+03 1.645392
3.779000e+03 1.946956
3.782000e+03 2.123289
3.785000e+03 2.142686
3.788000e+03 2.108050
3.791000e+03 1.999055
3.794000e+03 1.620936
3.797000e+03 1.225699
3.800000e+03 1.184297
3.803000e+03 1.555768
3.806000e+03 1.907652
3.809000e+03 2.116595
3.812000e+03 2.222620
3.815000e+03 2.195003
3.818000e+03 2.118656
3.821000e+03 2.071624
3.824000e+03 2.102927
3.827000e+03 1.984653
3.830000e+03 1.730203
3.833000e+03 1.337980
3.836000e+03 1.103836
3.839000e+03 1.297604
3.842000e+03 1.690880
3.845000e+03 1.983926
3.848000e+03 2.148934
3.851000e+03 2.180473
3.854000e+03 2.247112
3.857000e+03 2.256711
3.860000e+03 2.226243
3.863000e+03 2.278389
3.866000e+03 2.287996
3.869000e+03 2.291693
3.872000e+03 2.242336
3.875000e+03 2.189400
3.878000e+03 2.066884
3.881000e+03 1.968178
3.884000e+03 1.717089
3.887000e+03 1.376757
3.890000e+03 1.130536
3.893000e+03 1.349876
3.896000e+03 1.697283
3.899000e+03 1.932680
3.902000e+03 2.087598
3.905000e+03 2.169076
3.908000e+03 2.210161
3.911000e+03 2.284136
3.914000e+03 2.260843
3.917000e+03 2.254404
3.920000e+03 2.256811
3.923000e+03 2.259327
3.926000e+03 2.252779
3.929000e+03 2.179475
3.932000e+03 2.016583
3.935000e+03 1.896582
3.938000e+03 2.126422
3.941000e+03 2.229476
3.944000e+03 2.235615
3.947000e+03 2.232309
3.950000e+03 2.203303
3.953000e+03 2.197519
3.956000e+03 2.183978
3.959000e+03 2.066694
3.962000e+03 1.911784
3.965000e+03 1.608004
3.968000e+03 1.182226
3.971000e+03 0.758406
3.974000e+03 1.282521
3.977000e+03 1.640288
3.980000e+03 1.896927
3.983000e+03 2.028715
3.986000e+03 2.053579
3.989000e+03 2.195775
3.992000e+03 2.222202
3.995000e+03 2.252770
3.998000e+03 2.233962
4.001000e+03 2.251162
4.004000e+03 2.251798
4.007000e+03 2.217143
4.010000e+03 2.209915
4.013000e+03 2.218823
4.016000e+03 2.250454
4.019000e+03 2.285199
4.022000e+03 2.246104
4.025000e+03 2.093774
4.028000e+03 2.121580
4.031000e+03 2.179783
4.034000e+03 2.207109
4.037000e+03 2.261397
4.040000e+03 2.299656
4.043000e+03 2.218560
4.046000e+03 2.186866
4.049000e+03 2.214329
4.052000e+03 2.210905
4.055000e+03 2.212003
4.058000e+03 2.201742
4.061000e+03 2.203177
4.064000e+03 2.110656
4.067000e+03 2.011442
4.070000e+03 2.153265
4.073000e+03 2.151949
4.076000e+03 2.115478
4.079000e+03 2.084139
4.082000e+03 2.091104
4.085000e+03 2.067029
4.088000e+03 2.007710
4.091000e+03 1.947428
4.094000e+03 1.811762
4.097000e+03 1.564151
4.100000e+03 1.273938
4.103000e+03 1.010689
4.106000e+03 1.261560
4.109000e+03 1.602973
4.112000e+03 1.781249
4.115000e+03 1.921183
4.118000e+03 1.986351
4.121000e+03 1.987069
4.124000e+03 1.907979
4.127000e+03 1.960133
4.130000e+03 1.993407
4.133000e+03 2.005449
4.136000e+03 2.061271
4.139000e+03 2.087871
4.142000e+03 2.093329
4.145000e+03 2.016782
4.148000e+03 2.049820
4.151000e+03 2.032357
4.154000e+03 1.957609
4.157000e+03 2.048367
4.160000e+03 2.069944
4.163000e+03 2.051346
4.166000e+03 2.091667
4.169000e+03 2.164663
4.172000e+03 2.016555
4.175000e+03 1.983499
4.178000e+03 1.986869
4.181000e+03 2.004032
4.184000e+03 2.040630
4.187000e+03 2.015846
4.190000e+03 1.998520
4.193000e+03 1.923926
4.196000e+03 1.873197
4.199000e+03 1.930346
4.202000e+03 1.934597
4.205000e+03 1.942006
4.208000e+03 1.907861
4.211000e+03 1.985670
4.214000e+03 1.973083
4.217000e+03 1.982146
4.220000e+03 1.994515
4.223000e+03 1.989966
4.226000e+03 1.914963
4.229000e+03 1.913328
4.232000e+03 1.963021
4.235000e+03 1.916306
4.238000e+03 1.927267
4.241000e+03 1.945031
4.244000e+03 1.950252
4.247000e+03 1.922291
4.250000e+03 1.901803
4.253000e+03 1.861873
4.256000e+03 1.817619
4.259000e+03 1.846189
4.262000e+03 1.973736
4.265000e+03 1.932726
4.268000e+03 1.805786
4.271000e+03 1.753815
4.274000e+03 1.843265
4.277000e+03 1.881126
4.280000e+03 1.897471
4.283000e+03 1.874687
4.286000e+03 1.874232
4.289000e+03 1.847606
4.292000e+03 1.824657
4.295000e+03 1.841340
4.298000e+03 1.817720
4.301000e+03 1.767700
4.304000e+03 1.777743
4.307000e+03 1.745650
4.310000e+03 1.640852
4.313000e+03 1.787923
4.316000e+03 1.768599
4.319000e+03 1.807194
4.322000e+03 1.766483
4.325000e+03 1.716926
4.328000e+03 1.669512
4.331000e+03 1.609457
4.334000e+03 1.481647
4.337000e+03 1.265611
4.340000e+03 1.164654
4.343000e+03 1.255976
4.346000e+03 1.215618
4.349000e+03 1.448863
4.352000e+03 1.556940
4.355000e+03 1.677713
4.358000e+03 1.712567
4.361000e+03 1.725153
4.364000e+03 1.777907
4.367000e+03 1.778660
4.370000e+03 1.755185
4.373000e+03 1.805950
4.376000e+03 1.740428
4.379000e+03 1.784718
4.382000e+03 1.770106
4.385000e+03 1.682135
4.388000e+03 1.678948
4.391000e+03 1.706210
4.394000e+03 1.732954
4.397000e+03 1.744787
4.400000e+03 1.746485
4.403000e+03 1.740129
4.406000e+03 1.738067
4.409000e+03 1.727233
4.412000e+03 1.759627
4.415000e+03 1.755975
4.418000e+03 1.693378
4.421000e+03 1.720749
4.424000e+03 1.723991
4.427000e+03 1.731138
4.430000e+03 1.716989
4.433000e+03 1.715845
4.436000e+03 1.704249
4.439000e+03 1.726843
4.442000e+03 1.730176
4.445000e+03 2.034537
4.448000e+03 1.728259
4.451000e+03 1.718134
4.454000e+03 1.707308
4.457000e+03 1.694422
4.460000e+03 1.693550
4.463000e+03 1.690417
4.466000e+03 1.693786
4.469000e+03 1.640760
4.472000e+03 1.613798
4.475000e+03 1.665108
4.478000e+03 1.714038
4.481000e+03 1.645937
4.484000e+03 1.634140
4.487000e+03 1.712675
4.490000e+03 1.684805
4.493000e+03 1.685567
4.496000e+03 1.693151
4.499000e+03 1.697274
4.502000e+03 1.694731
4.505000e+03 1.730820
4.508000e+03 1.714283
4.511000e+03 1.710088
4.514000e+03 1.712767
4.517000e+03 1.681799
4.520000e+03 1.678548
4.523000e+03 1.655772
4.526000e+03 1.634776
4.529000e+03 1.627093
4.532000e+03 1.616922
4.535000e+03 1.644502
4.538000e+03 1.664563
4.541000e+03 1.669013
4.544000e+03 1.658270
4.547000e+03 1.655572
4.550000e+03 1.621300
4.553000e+03 1.616486
4.556000e+03 1.620056
4.559000e+03 1.636048
4.562000e+03 1.651795
4.565000e+03 1.642168
4.568000e+03 1.640643
4.571000e+03 1.651104
4.574000e+03 1.635938
4.577000e+03 1.645992
4.580000e+03 1.628882
4.583000e+03 1.592494
4.586000e+03 1.598714
4.589000e+03 1.620827
4.592000e+03 1.614897
4.595000e+03 1.618175
4.598000e+03 1.622616
4.601000e+03 1.619501
4.604000e+03 1.615369
4.607000e+03 1.625840
4.610000e+03 1.646164
4.613000e+03 1.638145
4.616000e+03 1.625022
4.619000e+03 1.597252
4.622000e+03 1.587608
4.625000e+03 1.627802
4.628000e+03 1.617640
4.631000e+03 1.605144
4.634000e+03 1.608122
4.637000e+03 1.601302
4.640000e+03 1.610292
4.643000e+03 1.647290
4.646000e+03 1.614415
4.649000e+03 1.590650
4.652000e+03 1.613526
4.655000e+03 1.597233
4.658000e+03 1.590986
4.661000e+03 1.624460
4.664000e+03 1.591412
4.667000e+03 1.566058
4.670000e+03 1.548521
4.673000e+03 1.572869
4.676000e+03 1.590205
4.679000e+03 1.591322
4.682000e+03 1.572478
4.685000e+03 1.599676
4.688000e+03 1.593965
4.691000e+03 1.577373
4.694000e+03 1.584638
4.697000e+03 1.654791
4.700000e+03 1.568964
4.703000e+03 1.556895
4.706000e+03 1.556186
4.709000e+03 1.549385
4.712000e+03 1.554488
4.715000e+03 1.549920
4.718000e+03 1.599005
4.721000e+03 1.580406
4.724000e+03 1.586363
4.727000e+03 1.577618
4.730000e+03 1.535390
4.733000e+03 1.535145
4.736000e+03 1.553498
4.739000e+03 1.540421
4.742000e+03 1.544752
4.745000e+03 1.549493
4.748000e+03 1.558238
4.751000e+03 1.543073
4.754000e+03 1.544126
4.757000e+03 1.526899
4.760000e+03 1.523993
4.763000e+03 1.512505
4.766000e+03 1.501072
4.769000e+03 1.514648
4.772000e+03 1.526418
4.775000e+03 1.524910
4.778000e+03 1.530222
4.781000e+03 1.523721
4.784000e+03 1.517536
4.787000e+03 1.516428
4.790000e+03 1.510789
4.793000e+03 1.504369
4.796000e+03 1.522032
4.799000e+03 1.498674
4.802000e+03 1.493226
4.805000e+03 1.496304
4.808000e+03 1.481119
4.811000e+03 1.511560
4.814000e+03 1.494079
4.817000e+03 1.486296
4.820000e+03 1.493017
4.823000e+03 1.482355
4.826000e+03 1.455410
4.829000e+03 1.459143
4.832000e+03 1.467489
4.835000e+03 1.449063
4.838000e+03 1.438156
4.841000e+03 1.420774
4.844000e+03 1.409949
4.847000e+03 1.370736
4.850000e+03 1.337281
4.853000e+03 1.293881
4.856000e+03 1.148153
4.859000e+03 1.051155
4.862000e+03 1.505658
4.865000e+03 1.333612
4.868000e+03 1.007792
4.871000e+03 1.184196
4.874000e+03 1.249174
4.877000e+03 1.301736
4.880000e+03 1.348051
4.883000e+03 1.364742
4.886000e+03 1.359494
4.889000e+03 1.360846
4.892000e+03 1.386982
4.895000e+03 1.396881
4.898000e+03 1.422845
4.901000e+03 1.404400
4.904000e+03 1.399733
4.907000e+03 1.416815
4.910000e+03 1.396836
4.913000e+03 1.385284
4.916000e+03 1.410685
4.919000e+03 1.392985
4.922000e+03 1.315159
4.925000e+03 1.328154
4.928000e+03 1.375486
4.931000e+03 1.409668
4.934000e+03 1.391932
4.937000e+03 1.399488
4.940000e+03 1.382252
4.943000e+03 1.418213
4.946000e+03 1.412156
4.949000e+03 1.407906
4.952000e+03 1.403847
4.955000e+03 1.399197
4.958000e+03 1.424525
4.961000e+03 1.535690
4.964000e+03 1.432254
4.967000e+03 1.377247
4.970000e+03 1.379109
4.973000e+03 1.379726
4.976000e+03 1.415698
4.979000e+03 1.406807
4.982000e+03 1.355090
4.985000e+03 1.335373
4.988000e+03 1.370428
4.991000e+03 1.374705
4.994000e+03 1.368702
4.997000e+03 1.357596
5.000000e+03 1.348968
5.003000e+03 1.333221
5.006000e+03 1.483890
5.009000e+03 1.805433
5.012000e+03 1.428930
5.015000e+03 1.293318
5.018000e+03 1.295143
5.021000e+03 1.287279
5.024000e+03 1.314114
5.027000e+03 1.325593
5.030000e+03 1.319953
5.033000e+03 1.326219
5.036000e+03 1.320607
5.039000e+03 1.293281
5.042000e+03 1.273148
5.045000e+03 1.305650
5.048000e+03 1.339324
5.051000e+03 1.316358
5.054000e+03 1.305859
5.057000e+03 1.318891
5.060000e+03 1.327264
5.063000e+03 1.330124
5.066000e+03 1.306613
5.069000e+03 1.286080
5.072000e+03 1.267527
5.075000e+03 1.297704
5.078000e+03 1.289658
5.081000e+03 1.274783
5.084000e+03 1.291538
5.087000e+03 1.300265
5.090000e+03 1.315295
5.093000e+03 1.339361
5.096000e+03 1.302690
5.099000e+03 1.278951
5.102000e+03 1.276671
5.105000e+03 1.293054
5.108000e+03 1.283183
5.111000e+03 1.285607
5.114000e+03 1.288868
5.117000e+03 1.313288
5.120000e+03 1.289986
5.123000e+03 1.282793
5.126000e+03 1.254559
5.129000e+03 1.256394
5.132000e+03 1.265420
5.135000e+03 1.305160
5.138000e+03 1.287024
5.141000e+03 1.157162
5.144000e+03 1.240528
5.147000e+03 1.254359
5.150000e+03 1.258673
5.153000e+03 1.248683
5.156000e+03 1.249192
5.159000e+03 1.278425
5.162000e+03 1.274429
5.165000e+03 1.250454
5.168000e+03 1.197102
5.171000e+03 1.185986
5.174000e+03 1.203049
5.177000e+03 1.242563
5.180000e+03 1.262033
5.183000e+03 1.234815
5.186000e+03 1.197610
5.189000e+03 1.234788
5.192000e+03 1.231783
5.195000e+03 1.230221
5.198000e+03 1.212885
5.201000e+03 1.216826
5.204000e+03 1.226025
5.207000e+03 1.198836
5.210000e+03 1.203694
5.213000e+03 1.222584
5.216000e+03 1.232001
5.219000e+03 1.225544
5.222000e+03 1.238911
5.225000e+03 1.219160
5.228000e+03 1.166116
5.231000e+03 1.189927
5.234000e+03 1.189799
5.237000e+03 1.177167
5.240000e+03 1.221394
5.243000e+03 1.238794
5.246000e+03 1.235778
5.249000e+03 1.168332
5.252000e+03 1.191925
5.255000e+03 1.194304
5.258000e+03 1.204003
5.261000e+03 1.214728
5.264000e+03 1.173980
5.267000e+03 1.152594
5.270000e+03 1.160775
5.273000e+03 1.165298
5.276000e+03 1.167823
5.279000e+03 1.151213
5.282000e+03 1.202096
5.285000e+03 1.180564
5.288000e+03 1.209061
5.291000e+03 1.218969
5.294000e+03 1.213348
5.297000e+03 1.197129
5.300000e+03 1.173290
5.303000e+03 1.177167
5.306000e+03 1.196320
5.309000e+03 1.216018
5.312000e+03 1.223173
5.315000e+03 1.205075
5.318000e+03 1.176895
5.321000e+03 1.182172
5.324000e+03 1.195357
5.327000e+03 1.176468
5.330000e+03 1.137055
5.333000e+03 1.163409
5.336000e+03 1.184214
5.339000e+03 1.178276
5.342000e+03 1.173744
5.345000e+03 1.191062
5.348000e+03 1.185404
5.351000e+03 1.182916
5.354000e+03 1.193505
5.357000e+03 1.199562
5.360000e+03 1.202532
5.363000e+03 1.184869
5.366000e+03 1.172718
5.369000e+03 1.171891
5.372000e+03 1.152702
5.375000e+03 1.165244
5.378000e+03 1.186412
5.381000e+03 1.161748
5.384000e+03 1.163400
5.387000e+03 1.169821
5.390000e+03 1.160494
5.393000e+03 1.153438
5.396000e+03 1.144630
5.399000e+03 1.130844
5.402000e+03 1.142749
5.405000e+03 1.133732
5.408000e+03 1.117803
5.411000e+03 1.127666
5.414000e+03 1.141914
5.417000e+03 1.146346
5.420000e+03 1.148934
5.423000e+03 1.143894
5.426000e+03 1.137673
5.429000e+03 1.142641
5.432000e+03 1.119501
5.435000e+03 1.115415
5.438000e+03 1.122743
5.441000e+03 1.152530
5.444000e+03 1.154510
5.447000e+03 1.127556
5.450000e+03 1.121154
5.453000e+03 1.147608
5.456000e+03 1.128374
5.459000e+03 1.126966
5.462000e+03 1.136102
5.465000e+03 1.128519
5.468000e+03 1.130063
5.471000e+03 1.127248
5.474000e+03 1.121571
5.477000e+03 1.107050
5.480000e+03 1.111937
5.483000e+03 1.112509
5.486000e+03 1.118557
5.489000e+03 1.124196
5.492000e+03 1.121054
5.495000e+03 1.130799
5.498000e+03 1.121436
5.501000e+03 1.126385
5.504000e+03 1.114334
5.507000e+03 1.109775
5.510000e+03 1.122752
5.513000e+03 1.122289
5.516000e+03 1.108304
5.519000e+03 1.119020
5.522000e+03 1.124560
5.525000e+03 1.118512
5.528000e+03 1.102229
5.531000e+03 1.092121
5.534000e+03 1.103437
5.537000e+03 1.094427
5.540000e+03 1.108948
5.543000e+03 1.109594
5.546000e+03 1.100003
5.549000e+03 1.103273
5.552000e+03 1.115660
5.555000e+03 1.112645
5.558000e+03 1.108041
5.561000e+03 1.111882
5.564000e+03 1.098415
5.567000e+03 1.092630
5.570000e+03 1.080461
5.573000e+03 1.123497
5.576000e+03 1.195820
5.579000e+03 1.031340
5.582000e+03 1.083131
5.585000e+03 1.098341
5.588000e+03 1.083230
5.591000e+03 1.065104
5.594000e+03 1.077618
5.597000e+03 1.080579
5.600000e+03 1.082767
5.603000e+03 1.083113
5.606000e+03 1.071706
5.609000e+03 1.091712
5.612000e+03 1.092003
5.615000e+03 1.093066
5.618000e+03 1.062270
5.621000e+03 1.077709
5.624000e+03 1.072342
5.627000e+03 1.061644
5.630000e+03 1.086463
5.633000e+03 1.106188
5.636000e+03 1.100549
5.639000e+03 1.079180
5.642000e+03 1.077664
5.645000e+03 1.071089
5.648000e+03 1.075502
5.651000e+03 1.073295
5.654000e+03 1.060182
5.657000e+03 1.042673
5.660000e+03 1.040612
5.663000e+03 1.046896
5.666000e+03 1.056277
5.669000e+03 1.058920
5.672000e+03 1.056086
5.675000e+03 1.063415
5.678000e+03 1.091576
5.681000e+03 1.077999
5.684000e+03 1.054006
5.687000e+03 1.043563
5.690000e+03 1.047823
5.693000e+03 1.051382
5.696000e+03 1.052535
5.699000e+03 1.051446
5.702000e+03 1.047940
5.705000e+03 1.037006
5.708000e+03 1.041919
5.711000e+03 1.016083
5.714000e+03 1.023738
5.717000e+03 1.046097
5.720000e+03 1.057758
5.723000e+03 1.056568
5.726000e+03 1.051237
5.729000e+03 1.049766
5.732000e+03 1.042600
5.735000e+03 1.040639
5.738000e+03 1.048458
5.741000e+03 1.041438
5.744000e+03 1.033156
5.747000e+03 1.041302
5.750000e+03 1.036616
5.753000e+03 1.036298
5.756000e+03 1.027553
5.759000e+03 1.041584
5.762000e+03 1.034809
5.765000e+03 1.029487
5.768000e+03 1.068527
5.771000e+03 1.051382
5.774000e+03 1.035236
5.777000e+03 1.029950
5.780000e+03 1.026181
5.783000e+03 1.006566
5.786000e+03 1.003369
5.789000e+03 1.019125
5.792000e+03 1.028851
5.795000e+03 1.031640
5.798000e+03 1.036997
5.801000e+03 1.034472
5.804000e+03 1.037079
5.807000e+03 1.034737
5.810000e+03 1.031330
5.813000e+03 1.034454
5.816000e+03 1.038124
5.819000e+03 1.031912
5.822000e+03 1.042555
5.825000e+03 1.038441
5.828000e+03 1.035426
5.831000e+03 1.037488
5.834000e+03 1.034564
5.837000e+03 1.026018
5.840000e+03 1.023339
5.843000e+03 1.023720
5.846000e+03 1.031340
5.849000e+03 1.019143
5.852000e+03 1.019370
5.855000e+03 1.000018
5.858000e+03 0.992181
5.861000e+03 1.004150
5.864000e+03 1.024056
5.867000e+03 1.005731
5.870000e+03 1.000000
5.873000e+03 0.994361
5.876000e+03 0.987740
5.879000e+03 1.036407
5.882000e+03 0.944113
5.885000e+03 1.002379
5.888000e+03 0.946448
5.891000e+03 0.874666
5.894000e+03 0.891341
5.897000e+03 0.868262
5.900000e+03 0.928503
5.903000e+03 0.993343
5.906000e+03 0.980040
5.909000e+03 0.968406
5.912000e+03 0.994379
5.915000e+03 0.953576
5.918000e+03 0.937775
5.921000e+03 0.959970
5.924000e+03 0.973900
5.927000e+03 0.979858
5.930000e+03 0.982337
5.933000e+03 0.956736
5.936000e+03 0.957845
5.939000e+03 0.908095
5.942000e+03 0.941489
5.945000e+03 0.937674
5.948000e+03 0.965782
5.951000e+03 0.971403
5.954000e+03 0.934741
5.957000e+03 0.945621
5.960000e+03 0.960587
5.963000e+03 0.957699
5.966000e+03 0.950216
5.969000e+03 0.947955
5.972000e+03 0.959252
5.975000e+03 0.968996
5.978000e+03 0.952586
5.981000e+03 0.950798
5.984000e+03 0.950724
5.987000e+03 0.940663
5.990000e+03 0.951460
5.993000e+03 0.953848
5.996000e+03 0.952487
5.999000e+03 0.949480
6.002000e+03 0.949626
6.005000e+03 0.944921
6.008000e+03 0.941489
6.011000e+03 0.938002
6.014000e+03 0.943605
6.017000e+03 0.940290
6.020000e+03 0.938828
6.023000e+03 0.936068
6.026000e+03 0.936448
6.029000e+03 0.943269
6.032000e+03 0.928203
6.035000e+03 0.945712
6.038000e+03 0.953367
6.041000e+03 0.947056
6.044000e+03 0.944541
6.047000e+03 0.945757
6.050000e+03 0.947428
6.053000e+03 0.943623
6.056000e+03 0.939854
6.059000e+03 0.939736
6.062000e+03 0.944640
6.065000e+03 0.932344
6.068000e+03 0.917332
6.071000e+03 0.928830
6.074000e+03 0.944259
6.077000e+03 0.942233
6.080000e+03 0.931563
6.083000e+03 0.926214
6.086000e+03 0.921410
6.089000e+03 0.929147
6.092000e+03 0.927595
6.095000e+03 0.924216
6.098000e+03 0.927858
6.101000e+03 0.927840
6.104000e+03 0.908796
6.107000e+03 0.914309
6.110000e+03 0.926814
6.113000e+03 0.925787
6.116000e+03 0.928094
6.119000e+03 0.920211
6.122000e+03 0.913991
6.125000e+03 0.906405
6.128000e+03 0.918395
6.131000e+03 0.917577
6.134000e+03 0.925996
6.137000e+03 0.905031
6.140000e+03 0.880236
6.143000e+03 0.897458
6.146000e+03 0.910676
6.149000e+03 0.906806
6.152000e+03 0.906046
6.155000e+03 0.916397
6.158000e+03 0.901626
6.161000e+03 0.894346
6.164000e+03 0.878684
6.167000e+03 0.898137
6.170000e+03 0.901808
6.173000e+03 0.893554
6.176000e+03 0.902996
6.179000e+03 0.909123
6.182000e+03 0.913691
6.185000e+03 0.917368
6.188000e+03 0.914154
6.191000e+03 0.903684
6.194000e+03 0.892980
6.197000e+03 0.912247
6.200000e+03 0.916216
6.203000e+03 0.898555
6.206000e+03 0.913237
6.209000e+03 0.922518
6.212000e+03 0.916470
6.215000e+03 0.904408
6.218000e+03 0.900988
6.221000e+03 0.895208
6.224000e+03 0.892514
6.227000e+03 0.906807
6.230000e+03 0.921001
